3184.00,986.00 3166.00,992.58 3166.00,992.58
3166.00,992.58 3137.00,1005.15 3137.00,1005.15
3137.00,1005.15 3036.00,1049.14 3036.00,1049.14
3036.00,1049.14 2714.00,1189.14 2714.00,1189.14
2714.00,1189.14 2559.00,1256.42 2559.00,1256.42
2559.00,1256.42 2207.00,1409.58 2207.00,1409.58
2207.00,1409.58 1994.00,1502.14 1994.00,1502.14
1994.00,1502.14 1832.00,1572.58 1832.00,1572.58
1832.00,1572.58 1765.00,1601.70 1765.00,1601.70
1765.00,1601.70 1696.00,1631.70 1696.00,1631.70
1696.00,1631.70 1667.00,1645.00 1667.00,1645.00
1667.00,1645.00 1703.00,1658.58 1703.00,1658.58
1703.00,1658.58 1791.00,1692.58 1791.00,1692.58
1791.00,1692.58 2053.00,1793.58 2053.00,1793.58
2053.00,1793.58 2263.00,1874.58 2263.00,1874.58
2263.00,1874.58 2862.00,2105.42 2862.00,2105.42
2862.00,2105.42 2971.00,2147.58 2971.00,2147.58
2971.00,2147.58 3100.00,2197.20 3100.00,2197.20
3100.00,2197.20 3183.00,2229.20 3183.00,2229.20
3183.00,2229.20 3233.00,2248.00 3233.00,2248.00
3233.00,2248.00 3255.02,2183.00 3255.02,2183.00
3271.94,2128.57 3286.45,2073.83 3298.00,2018.00
3347.46,1779.01 3343.93,1535.82 3289.35,1298.00
3273.62,1229.45 3251.40,1155.79 3226.58,1090.00
3226.58,1090.00 3198.58,1020.00 3198.58,1020.00
3198.58,1020.00 3184.00,986.00 3184.00,986.00