2359.23,3200.51 2377.49,3190.68 2387.00,3186.31
2417.36,3172.37 2446.73,3156.38 2476.00,3140.30
2583.24,3081.42 2689.13,3004.95 2780.00,2923.17
2937.38,2781.53 3063.59,2614.30 3158.25,2425.00
3179.74,2382.01 3199.44,2337.83 3216.81,2293.00
3216.81,2293.00 3229.05,2261.00 3229.05,2261.00
3230.09,2258.17 3233.48,2251.22 3231.89,2248.51
3230.47,2246.10 3216.35,2241.49 3213.00,2240.19
3213.00,2240.19 3161.00,2220.05 3161.00,2220.05
3161.00,2220.05 3079.00,2188.42 3079.00,2188.42
3079.00,2188.42 2963.00,2143.80 2963.00,2143.80
2963.00,2143.80 2786.00,2075.58 2786.00,2075.58
2786.00,2075.58 2633.00,2016.58 2633.00,2016.58
2633.00,2016.58 2179.00,1841.42 2179.00,1841.42
2179.00,1841.42 1881.00,1726.58 1881.00,1726.58
1881.00,1726.58 1786.00,1689.95 1786.00,1689.95
1786.00,1689.95 1694.00,1654.40 1694.00,1654.40
1694.00,1654.40 1676.00,1647.42 1676.00,1647.42
1673.76,1646.58 1669.55,1644.88 1667.23,1645.69
1664.75,1646.56 1664.48,1648.81 1664.00,1651.00
1658.09,1648.41 1656.41,1648.06 1650.00,1648.00
1650.00,1648.00 1663.69,1679.00 1663.69,1679.00
1663.69,1679.00 1691.14,1740.00 1691.14,1740.00
1691.14,1740.00 1776.69,1930.00 1776.69,1930.00
1776.69,1930.00 1828.31,2045.00 1828.31,2045.00
1828.31,2045.00 2006.69,2441.00 2006.69,2441.00
2006.69,2441.00 2058.31,2556.00 2058.31,2556.00
2058.31,2556.00 2241.69,2963.00 2241.69,2963.00
2241.69,2963.00 2313.69,3123.00 2313.69,3123.00
2313.69,3123.00 2350.00,3203.00 2350.00,3203.00