1664.00,1652.00 1609.00,1675.58 1609.00,1675.58
1609.00,1675.58 1487.00,1729.14 1487.00,1729.14
1487.00,1729.14 1134.00,1884.14 1134.00,1884.14
1134.00,1884.14 469.00,2176.14 469.00,2176.14
469.00,2176.14 239.00,2277.14 239.00,2277.14
239.00,2277.14 157.00,2313.14 157.00,2313.14
157.00,2313.14 130.00,2325.00 130.00,2325.00
156.09,2390.22 195.35,2466.34 230.99,2527.00
363.47,2752.53 546.09,2943.04 766.00,3084.69
830.95,3126.53 898.76,3164.14 969.00,3196.31
969.00,3196.31 1029.00,3222.60 1029.00,3222.60
1036.72,3225.75 1049.23,3231.78 1057.00,3233.00
1057.00,3233.00 1072.58,3192.00 1072.58,3192.00
1072.58,3192.00 1102.58,3114.00 1102.58,3114.00
1102.58,3114.00 1192.58,2880.00 1192.58,2880.00
1192.58,2880.00 1484.42,2121.00 1484.42,2121.00
1484.42,2121.00 1604.81,1808.00 1604.81,1808.00
1604.81,1808.00 1644.42,1705.00 1644.42,1705.00
1644.42,1705.00 1656.40,1674.00 1656.40,1674.00
1656.40,1674.00 1664.00,1652.00 1664.00,1652.00