122.00,1049.00 138.00,1053.58 138.00,1053.58
138.00,1053.58 168.00,1062.69 168.00,1062.69
168.00,1062.69 208.00,1078.19 208.00,1078.19
208.00,1078.19 307.00,1116.58 307.00,1116.58
307.00,1116.58 636.00,1244.19 636.00,1244.19
636.00,1244.19 1327.00,1512.19 1327.00,1512.19
1327.00,1512.19 1524.00,1588.58 1524.00,1588.58
1524.00,1588.58 1591.00,1614.58 1591.00,1614.58
1591.00,1614.58 1642.98,1634.70 1642.98,1634.70
1650.05,1637.69 1647.94,1641.31 1652.39,1645.58
1654.78,1647.88 1660.71,1649.69 1664.00,1651.00
1664.00,1651.00 1666.00,1646.00 1666.00,1646.00
1666.00,1646.00 1664.40,1650.61 1664.40,1650.61
1664.40,1650.61 1644.00,1660.58 1644.00,1660.58
1644.00,1660.58 1577.00,1690.00 1577.00,1690.00
1577.00,1690.00 1301.00,1811.15 1301.00,1811.15
1301.00,1811.15 1201.00,1855.14 1201.00,1855.14
1201.00,1855.14 1012.00,1938.14 1012.00,1938.14
1012.00,1938.14 509.00,2158.86 509.00,2158.86
509.00,2158.86 331.00,2237.14 331.00,2237.14
331.00,2237.14 262.00,2267.30 262.00,2267.30
262.00,2267.30 180.00,2303.30 180.00,2303.30
180.00,2303.30 129.00,2325.00 129.00,2325.00
129.00,2325.00 113.20,2285.00 113.20,2285.00
113.20,2285.00 94.34,2234.00 94.34,2234.00
67.19,2155.75 44.88,2075.45 29.61,1994.00
19.47,1939.91 12.13,1885.72 6.83,1831.00
6.83,1831.00 2.96,1779.00 2.96,1779.00
2.96,1779.00 2.00,1768.00 2.00,1768.00
2.00,1768.00 1.00,1737.00 1.00,1737.00
1.00,1737.00 0.00,1720.00 0.00,1720.00
0.00,1720.00 0.00,1636.00 0.00,1636.00
0.00,1636.00 1.00,1621.00 1.00,1621.00
1.00,1621.00 1.00,1608.00 1.00,1608.00
1.00,1608.00 2.00,1588.00 2.00,1588.00
2.00,1588.00 3.00,1578.00 3.00,1578.00
3.00,1578.00 3.00,1569.00 3.00,1569.00
3.00,1569.00 4.91,1548.00 4.91,1548.00
7.39,1511.89 11.56,1475.87 16.73,1440.00
36.38,1303.66 70.86,1176.88 122.00,1049.00