1647.00,1636.00 1597.31,1526.00 1597.31,1526.00
1597.31,1526.00 1503.31,1318.00 1503.31,1318.00
1503.31,1318.00 1327.69,929.00 1327.69,929.00
1327.69,929.00 1233.69,721.00 1233.69,721.00
1233.69,721.00 1159.86,558.00 1159.86,558.00
1159.86,558.00 1059.69,336.00 1059.69,336.00
1059.69,336.00 1028.42,267.00 1028.42,267.00
1028.42,267.00 991.78,186.00 991.78,186.00
991.78,186.00 982.78,166.00 982.78,166.00
981.83,163.98 980.12,159.17 978.35,158.03
974.90,155.80 964.62,162.00 961.00,163.58
961.00,163.58 940.00,173.74 940.00,173.74
940.00,173.74 911.00,188.00 911.00,188.00
911.00,188.00 891.00,198.26 891.00,198.26
891.00,198.26 854.00,218.42 854.00,218.42
806.64,245.25 760.75,273.99 716.00,304.98
572.40,404.40 435.52,536.41 331.88,677.00
301.26,718.54 272.75,761.14 245.58,805.00
216.56,851.82 190.72,900.46 166.74,950.00
154.51,975.27 131.80,1023.63 123.00,1049.00
123.00,1049.00 254.00,1099.42 254.00,1099.42
254.00,1099.42 420.00,1163.42 420.00,1163.42
420.00,1163.42 656.00,1254.58 656.00,1254.58
656.00,1254.58 892.00,1345.58 892.00,1345.58
892.00,1345.58 1116.00,1431.81 1116.00,1431.81
1116.00,1431.81 1478.00,1571.42 1478.00,1571.42
1478.00,1571.42 1592.00,1615.42 1592.00,1615.42
1592.00,1615.42 1647.00,1636.00 1647.00,1636.00